Matrix: 1
0000000000100000010000000000000000000000000000000000000000000000
0000000001100000110000000000000000000000000000000000000000000000
0000000010100001010000000000000000000000000000000000000000000000
0000000111100011110000000000000000000000000000000000000000000000
0000001000100100010000000000000000000000000000000000000000000000
0000011001101100110000000000000000000000000000000000000000000000
0000101010110101010000000000000000000000000000000000000000000000
0001111111011111110000000000000000000000000000000000000000000000
0010000001100000010000000000000000000000000000000000000000000000
0110000010100000110000000000000000000000000000000000000000000000
1010000111100001010000000000000000000000000000000000000000000000
1110001000100011110000000000000000000000000000000000000000000000
0010011001100100010000000000000000000000000000000000000000000000
0110101010101100110000000000000000000000000000000000000000000000
1011111111110101010000000000000000000000000000000000000000000000
1100000000011111110000000000000000000000000000000000000000000000
0100000000100000010000000000000000000000000000000000000000000000
1100000001100000110000000000000000000000000000000000000000000000
0100000010100001010000000000000000000000000000000000000000000000
1100000111100011110000000000000000000000000000000000000000000000
0100001000100100010000000000000000000000000000000000000000000000
1100011001101100110000000000000000000000000000000000000000000000
0100101010110101010000000000000000000000000000000000000000000000
1101111111011111110000000000000000000000000000000000000000000000
0110000001100000010000000000000000000000000000000000000000000000
1010000010100000110000000000000000000000000000000000000000000000
1110000111100001010000000000000000000000000000000000000000000000
0010001000100011110000000000000000000000000000000000000000000000
0110011001100100010000000000000000000000000000000000000000000000
1010101010101100110000000000000000000000000000000000000000000000
1111111111110101010000000000000000000000000000000000000000000000
0000000000011111110000000000000000000000000000000000000000000000
0000000000100000010000000000000000000000000000000000000000000000
0000000001100000110000000000000000000000000000000000000000000000
0000000010100001010000000000000000000000000000000000000000000000
0000000111100011110000000000000000000000000000000000000000000000
0000001000100100010000000000000000000000000000000000000000000000
0000011001101100110000000000000000000000000000000000000000000000
0000101010110101010000000000000000000000000000000000000000000000
0001111111011111110000000000000000000000000000000000000000000000
0010000001100000010000000000000000000000000000000000000000000000
0110000010100000110000000000000000000000000000000000000000000000
1010000111100001010000000000000000000000000000000000000000000000
1110001000100011110000000000000000000000000000000000000000000000
0010011001100100010000000000000000000000000000000000000000000000
0110101010101100110000000000000000000000000000000000000000000000
1011111111110101010000000000000000000000000000000000000000000000
1100000000011111110000000000000000000000000000000000000000000000
0100000000100000010000000000000000000000000000000000000000000000
1100000001100000110000000000000000000000000000000000000000000000
0100000010100001010000000000000000000000000000000000000000000000
1100000111100011110000000000000000000000000000000000000000000000
0100001000100100010000000000000000000000000000000000000000000000
1100011001101100110000000000000000000000000000000000000000000000
0100101010110101010000000000000000000000000000000000000000000000
1101111111011111110000000000000000000000000000000000000000000000
0110000001100000010000000000000000000000000000000000000000000000
1010000010100000110000000000000000000000000000000000000000000000
1110000111100001010000000000000000000000000000000000000000000000
0010001000100011110000000000000000000000000000000000000000000000
0110011001100100010000000000000000000000000000000000000000000000
1010101010101100110000000000000000000000000000000000000000000000
1111111111110101010000000000000000000000000000000000000000000000
0000000000011111110000000000000000000000000000000000000000000000

Matrix: 2
0000000001000000000000000000000000000000000000000000000000000000
0000000011000000000000000000000000000000000000000000000000000000
0000000101000000000000000000000000000000000000000000000000000000
0000001111000000000000000000000000000000000000000000000000000000
0000010001000000000000000000000000000000000000000000000000000000
0000110011000000000000000000000000000000000000000000000000000000
0001010101000000000000000000000000000000000000000000000000000000
0011111111000000000000000000000000000000000000000000000000000000
0100000001000000000000000000000000000000000000000000000000000000
1100000011000000000000000000000000000000000000000000000000000000
0100000101000000000000000000000000000000000000000000000000000000
1100001111000000000000000000000000000000000000000000000000000000
0100010001000000000000000000000000000000000000000000000000000000
1100110011000000000000000000000000000000000000000000000000000000
0101010101000000000000000000000000000000000000000000000000000000
1111111111000000000000000000000000000000000000000000000000000000
0000000001000000000000000000000000000000000000000000000000000000
0000000011000000000000000000000000000000000000000000000000000000
0000000101000000000000000000000000000000000000000000000000000000
0000001111000000000000000000000000000000000000000000000000000000
0000010001000000000000000000000000000000000000000000000000000000
0000110011000000000000000000000000000000000000000000000000000000
0001010101000000000000000000000000000000000000000000000000000000
0011111111000000000000000000000000000000000000000000000000000000
0100000001000000000000000000000000000000000000000000000000000000
1100000011000000000000000000000000000000000000000000000000000000
0100000101000000000000000000000000000000000000000000000000000000
1100001111000000000000000000000000000000000000000000000000000000
0100010001000000000000000000000000000000000000000000000000000000
1100110011000000000000000000000000000000000000000000000000000000
0101010101000000000000000000000000000000000000000000000000000000
1111111111000000000000000000000000000000000000000000000000000000
0000000001000000000000000000000000000000000000000000000000000000
0000000011000000000000000000000000000000000000000000000000000000
0000000101000000000000000000000000000000000000000000000000000000
0000001111000000000000000000000000000000000000000000000000000000
0000010001000000000000000000000000000000000000000000000000000000
0000110011000000000000000000000000000000000000000000000000000000
0001010101000000000000000000000000000000000000000000000000000000
0011111111000000000000000000000000000000000000000000000000000000
0100000001000000000000000000000000000000000000000000000000000000
1100000011000000000000000000000000000000000000000000000000000000
0100000101000000000000000000000000000000000000000000000000000000
1100001111000000000000000000000000000000000000000000000000000000
0100010001000000000000000000000000000000000000000000000000000000
1100110011000000000000000000000000000000000000000000000000000000
0101010101000000000000000000000000000000000000000000000000000000
1111111111000000000000000000000000000000000000000000000000000000
0000000001000000000000000000000000000000000000000000000000000000
0000000011000000000000000000000000000000000000000000000000000000
0000000101000000000000000000000000000000000000000000000000000000
0000001111000000000000000000000000000000000000000000000000000000
0000010001000000000000000000000000000000000000000000000000000000
0000110011000000000000000000000000000000000000000000000000000000
0001010101000000000000000000000000000000000000000000000000000000
0011111111000000000000000000000000000000000000000000000000000000
0100000001000000000000000000000000000000000000000000000000000000
1100000011000000000000000000000000000000000000000000000000000000
0100000101000000000000000000000000000000000000000000000000000000
1100001111000000000000000000000000000000000000000000000000000000
0100010001000000000000000000000000000000000000000000000000000000
1100110011000000000000000000000000000000000000000000000000000000
0101010101000000000000000000000000000000000000000000000000000000
1111111111000000000000000000000000000000000000000000000000000000

Vector 1: [0,0,0,0,0,0,0,0,0,0,1,0,0,0,0,0,0,1,0,0,0,0,0,0,0,0,0,0,0,0,0,0,0,0,0,0,0,0,0,0,0,0,0,0,0,0,0,0,0,0,0,0,0,0,0,0,0,0,0,0,0,0,0,0,].
Vector 2: [0,0,0,0,0,0,0,0,0,1,0,0,0,0,0,0,0,0,0,0,0,0,0,0,0,0,0,0,0,0,0,0,0,0,0,0,0,0,0,0,0,0,0,0,0,0,0,0,0,0,0,0,0,0,0,0,0,0,0,0,0,0,0,0,].
