.i 6
.o 2
.p 64
000000 00
000001 00
000010 00
000011 00
000100 00
000101 00
000110 00
000111 00
001000 00
001001 01
001010 10
001011 11
001100 00
001101 01
001110 10
001111 11
010000 00
010001 10
010010 00
010011 10
010100 00
010101 10
010110 00
010111 10
011000 00
011001 11
011010 10
011011 01
011100 00
011101 11
011110 10
011111 01
100000 00
100001 00
100010 00
100011 00
100100 00
100101 00
100110 00
100111 00
101000 00
101001 01
101010 10
101011 11
101100 00
101101 01
101110 10
101111 11
110000 00
110001 10
110010 00
110011 10
110100 00
110101 10
110110 00
110111 10
111000 00
111001 11
111010 10
111011 01
111100 00
111101 11
111110 10
111111 01
.e
