.i 6
.o 2
.p 64
000000 00
000001 01
000010 10
000011 00
000100 01
000101 10
000110 00
000111 01
001000 10
001001 00
001010 01
001011 10
001100 00
001101 01
001110 10
001111 00
010000 01
010001 10
010010 00
010011 01
010100 10
010101 00
010110 01
010111 10
011000 00
011001 01
011010 10
011011 00
011100 01
011101 10
011110 00
011111 01
100000 10
100001 00
100010 01
100011 10
100100 00
100101 01
100110 10
100111 00
101000 01
101001 10
101010 00
101011 01
101100 10
101101 00
101110 01
101111 10
110000 00
110001 01
110010 10
110011 00
110100 01
110101 10
110110 00
110111 01
111000 10
111001 00
111010 01
111011 10
111100 00
111101 01
111110 10
111111 00
.e
